//保留本行：第一行 输入间隔时间（正整数，单位s） 第二行开始输入数据
900
0.125
0.125
0.1125
0.125
0.125
0.125
0.1125
0.1125
0.1
0.1
0.1
0.1
0.1
0.1
0.1
0.1
0.1125
0.1125
0.1125
0.125
0.15
0.15
0.375
0.1625
0.1625
0.3125
0.1625
0.1625
0.1625
0.1875
0.3625
0.4875
0.7625
0.7375
1.1625
0.875
1.3625
1.4625
1.5125
2.55
2.4875
3.8375
3.7625
3.7375
2.9875
3.25
3.125
3.0625
2.95
2.6375
2.775
3
2.95
3.2375
3.2875
3.2875
2.9875
3.0875
3.3625
3.325
2.625
3.1625
2.9375
2.9875
2.8875
2.4875
2.4
2.5375
2.5875
2.425
2.15
2.5375
2.1
2.375
2.3625
2.35
2.4625
2.4625
2.5375
2.7125
2.525
2.65
2.4875
2.5
1.9125
1.6125
1.525
1.3375
1.2125
1.1125
1.0625
1.0875
0.9375
0.9625
0.8875
0.6
0.5125
0.2625
0.1125
0.1
0.1
0.1
0.1
0.1
0.1125
0.1
0.1
0.1
0.1
0.1
0.1125
0.1125
0.1125
0.1125
0.1
0.125
0.1375
0.1625
0.5875
0.175
0.2
0.1875
0.1875
0.1875
0.25
0.45
1.85
2.1
2.1625
2.45
2.3375
2.0625
2.65
2.8625
2.825
3.2875
3.325
3.9125
3.25
3.4625
3.2625
3.3875
3.35
3.0125
2.975
3.2375
3.275
2.875
2.8875
2.85
3.25
3.3625
3.3
3.3625
3.425
3.2125
3.3875
3.3375
3
3.0375
2.7125
2.475
2.5
2.5125
2.3
2.325
2.1875
2.4625
2.05
2.1125
2.0125
2.075
2.2375
2.0375
2.4125
2.075
2.2375
2.15
2.2125
2.05
1.6625
1.125
1
1.1125
0.9625
1.0625
1.125
1.125
0.8375
0.95
0.775
0.6875
0.475
0.3375
0.125
0.1125
0.1125
0.1
0.1125
0.1
0.1125
0.1
0.1
0.1
0.1
0.1
0.1
0.1
0.1125
0.1125
0.125
0.15
0.15
0.1625
0.3625
0.175
0.225
0.2375
0.2125
0.1875
1.5875
1.625
1.4125
1.2
1.55
1.1125
1.5875
1.125
1.8875
1.45
1.8125
1.6
1.2625
1.35
1.175
1.1875
1.4125
1.2125
1.075
0.9625
1.0625
0.9375
0.85
0.8375
1.075
0.9625
1.1375
0.975
1.1125
1.0625
1.2625
0.925
1.0375
1.025
0.9625
0.9375
1.075
0.8125
0.825
0.8
0.8
0.8125
0.8875
0.975
0.7125
0.6875
0.8
0.7625
0.8375
0.775
0.725
0.9625
0.7125
0.6875
0.8375
0.7875
0.65
0.5625
0.4625
0.775
0.4625
0.4875
0.425
0.675
0.4125
0.4375
0.3375
0.475
0.3625
0.2125
0.1375
0.1125
0.1125
0.1125
0.1125
0.1
0.1
0.1
0.1
0.1
0.1
0.1
0.1
0.1
0.1
0.1
0.1
0.125
0.1375
0.15
0.5625
0.175
0.2
0.3375
0.225
0.1875
0.2125
0.2125
0.25
0.2875
0.55
0.3875
0.4
0.8625
0.4375
0.45
0.4875
0.775
0.725
0.6625
0.6625
0.85
0.65
0.575
0.625
0.575
0.475
0.575
0.5125
0.425
0.4625
0.7125
0.4875
0.5
0.4875
0.55
0.75
0.525
0.5375
0.5625
0.6125
0.55
0.55
0.9875
0.6625
0.475
0.425
0.6625
0.375
0.4
0.5375
0.425
0.75
0.475
0.425
0.425
0.4
0.425
0.6125
0.4375
0.4375
0.5375
0.3875
0.375
0.375
0.5375
0.675
0.35
0.325
0.3375
0.525
0.2625
0.2375
0.2
0.175
0.1125
0.1
0.1
0.1
0.1
0.1
0.1
0.0875
0.1
0.1
0.1
0.1
0.0875
0.1
0.1
0.1
0.1
0.1
0.1375
0.1375
0.125
0.55
0.15
0.1375
0.3125
0.1625
0.15
0.6
1.6875
1.7625
1.4875
1.125
1.0875
1.0125
0.975
1.175
1.025
1.025
1.475
1.425
1.1625
1.2375
1.675
1.775
1.6125
1.8
1.175
1.25
1.5625
1.2125
1.0625
1.65
1.8875
1.9375
1.95
2.325
2.0125
1.9375
2.0375
1.9375
2.175
2
1.9125
1.9625
1.75
1.825
1.7
1.225
1.075
1.1625
1.225
1.0875
1.1
1.1375
1.65
1.7875
1.65
1.8125
1.65
1.4375
1.2
1.9875
1.625
1.2
0.9875
0.85
0.6625
0.6125
0.6125
0.6125
0.7
0.6875
0.575
0.475
0.3875
0.275
0.2125
0.125
0.1
0.1
0.1
0.1
0.1
0.1
0.1125
0.1125
0.1
0.1
0.1
0.1
0.1
0.1
0.1125
0.15
0.1625
0.1875
0.1625
0.575
0.15
0.35
0.3125
0.1625
0.15
0.1625
1.4625
1.6
1
0.675
1.3
0.9875
1.5875
1.725
1.65
1.8375
1.7125
1.7625
1.2125
1.3125
1.1375
1
1.125
1.2625
1.075
1.4875
1.5375
1.2875
1.1125
1.2375
1.225
1.2375
1.475
1.3125
1.4375
1.2375
1.2375
1.3125
1.325
1.1625
1.2625
1.1875
1.6625
1.125
1.9375
1.125
1.025
1.475
1.075
1.1
1.625
1.1875
1.5
1.225
1.175
1.775
1.2375
1.3125
1.2625
1.275
1.1875
1.4375
0.9
0.8125
1.1375
0.75
0.8125
0.825
0.6125
0.675
0.625
0.5875
0.4
0.2375
0.125
0.1125
0.125
0.1125
0.1125
0.1
0.1125
0.1
0.1
0.1
0.1
0.1
0.1
0.1125
0.1
0.1
0.125
0.125
0.1125
0.1625
0.1625
0.3625
0.1375
0.15
0.3125
0.1625
0.175
0.7375
1.625
1.175
0.6375
0.875
0.925
1.675
1.9
1.95
1.425
1.875
1.9125
1.925
1.975
1.975
1.925
1.8625
1.825
1.9
1.3625
1.4625
1.1625
1.175
1.2375
1.2875
1.2125
1.5
1.2875
1.4375
1.45
1.5
1.4625
1.8375
1.4
1.5875
1.2875
1.0375
0.775
0.85
0.95
0.8
0.7875
0.6375
0.6375
0.8375
0.825
0.85
0.875
0.8375
0.9
0.725
0.8125
0.85
0.825
0.825
0.7625
0.7
0.9875
0.725
0.8125
0.6875
0.925
0.625
0.7125
0.9125
0.8
0.5
0.3875
0.2125
0.1375
0.1125
0.1125
0.1
0.1
0.1
0.1
0.1
0.1
0.1
0.1
0.125
0.1125
0.1375
0.1
0.0875
0.1
0.1
0.1
0.1
0.125
0.3375
0.125
0.125
0.2875
0.1375
0.15
0.3375
0.2125
0.25
0.3
0.8
0.475
0.55
0.525
0.625
0.6375
0.675
1.1125
1.125
0.925
0.9875
1.0125
1.2
1
1.0875
1
1.025
0.975
0.825
1.0875
0.9625
1.1625
1.2625
1.075
1.0625
0.95
1.1125
1.05
1.2625
1.0875
1.025
0.9625
0.975
0.8375
0.95
0.75
0.7875
0.725
0.7125
0.8
0.675
0.875
0.95
0.975
0.975
0.775
0.75
0.675
0.8625
0.7125
0.75
0.7625
0.675
0.6375
0.7125
0.6375
0.725
0.475
0.475
0.4625
0.4375
0.4125
0.35
0.35
0.2125
0.1625
0.1125
0.1
0.1
0.1
0.1
0.1
0.1
0.1
0.1
0.1
0.1
0.1
0.1
0.1125
0.1
0.125
0.1
0.1125
0.1125
0.1375
0.3625
0.1625
0.1625
0.3375
0.175
0.175
0.2125
0.2625
0.3875
0.4875
0.65
0.8625
0.7625
0.7125
0.925
1.025
0.825
1.1375
0.95
1.2
1.1
1.275
0.8375
0.9
0.725
0.7875
0.7
0.8375
0.4625
0.7
0.625
0.825
0.6375
0.6375
0.6375
0.7125
1.0875
0.6625
0.775
0.7625
0.725
0.7625
0.775
0.625
0.925
0.85
0.4875
0.4875
0.4875
0.4125
0.675
0.475
0.775
0.5625
0.55
0.6125
0.7875
0.675
0.6875
0.75
0.7
0.775
0.65
0.6625
0.6625
0.5625
0.725
0.5
0.7125
0.475
0.5125
0.5125
0.5625
0.3375
0.3
0.225
0.175
0.125
0.1125
0.1125
0.1125
0.1125
0.1125
0.1125
0.1125
0.1125
0.1125
0.1125
0.1125
0.1125
0.1125
0.1125
0.125
0.125
0.15
0.1875
0.575
0.175
0.2125
0.3375
0.1875
0.175
0.1875
0.275
0.2625
0.3875
0.55
0.6125
0.625
0.55
0.7
0.6
0.75
0.9875
1
0.825
0.725
0.7375
0.7375
0.9625
0.6625
0.675
0.7125
0.7625
1
1.1
1.3
1.1875
1.4
1.725
1.2875
1.2625
1.6125
1.525
1.6625
1.5
1.425
1.2
1.1625
1.0875
1.0125
0.925
0.9625
0.85
1.1625
0.975
0.8375
0.9
0.875
1.15
0.9625
0.925
0.9125
1.0875
0.925
1.0375
0.95
0.8625
1.025
0.875
0.8625
0.975
0.8
0.8125
0.9125
0.7875
0.75
0.7
0.625
0.65
0.6125
0.55
0.4125
0.3125
0.1625
0.15
0.1125
0.125
0.1125
0.125
0.1125
0.1125
0.1125
0.1125
0.1
0.1125
0.1
0.1125
0.1125
0.1375
0.1625
0.175
0.5875
0.1875
0.1875
0.3375
0.2
0.175
0.5875
1.7
1.775
2.1375
1.8625
2.0125
1.575
2
2.2125
2.375
2.2375
2.75
2.5
2.475
2.525
2.725
2.55
2.425
2.5
2.3625
2.325
2.525
2.35
2.3875
2.4875
3.3
2.9875
2.775
2.9875
2.6375
2.825
3.1125
2.8125
3.0375
2.725
2.9625
2.0125
3.925
3.0375
1.6875
1.6375
3.05
3.65
3.7
1.5625
1.4
3.175
2
1.8125
2.0375
1.8875
1.925
1.8
1.8125
1.225
1.8125
0.8375
0.9875
0.8625
0.9375
0.7875
0.9
0.725
0.8125
0.625
0.6625
0.6125
0.5625
0.325
0.3625
0.2
0.1875
0.15
0.15
0.1625
0.1875
0.1375
0.15
0.1375
0.15
0.15
0.1375
0.1375
0.1375
0.125
0.1375
0.125
0.15
0.1625
0.2
0.6
0.2
0.1875
2.4
1.6375
0.5625
1.1375
0.8
1.3
1.425
1.875
1.9125
2.125
2.2625
2.2125
2.225
2.325
2.6375
3.5625
2.8625
3.35
3.225
3.0125
3.1125
2.475
2.875
2.375
2.475
2.275
2.2125
2.95
3.1125
2.8875
3.0875
2.7125
3
2.475
3.0375
2.45
2.8375
2.175
2.875
2.35
2.825
3.1125
3.025
1.9625
2.7875
2
2.0125
1.9625
1.9625
1.925
1.5625
2.1125
1.65
2.0125
1.625
2.075
1.775
2
1.525
1.875
1.4875
1.8625
1.65
0.9125
0.8625
0.8375
0.975
0.9
0.8875
0.6
0.5
0.225
0.175
0.1375
0.1625
0.125
0.1625
0.125
0.1625
0.1375
0.1375
0.1125
0.1375
0.1125
0.1375
0.125
0.15
0.1375
0.15
0.15
0.1625
0.175
0.2375
0.5875
0.225
0.175
0.175
0.2
0.4125
0.175
0.1875
2.975
1.175
1.1625
0.7375
1.3375
1.225
1.925
1.3875
1.825
1.4
1.85
1.375
1.8375
1.4375
1.9375
1.3375
1.9
1.425
1.8625
1.425
1.8625
1.3125
1.9
1.575
3.075
3.35
3.8875
3.15
3.425
4.375
3.2375
3.1125
3.425
3.075
3.0125
2.6
3
2.8625
2.95
3.0875
2.025
2.3
1.9625
2
2.075
2.6875
2.1
2.875
2.225
2.2625
2.7125
2.125
2.1625
2.625
1.825
1.425
0.925
0.95
0.8125
0.85
0.6625
0.9
0.525
0.6625
0.4
0.5875
0.35
0.375
0.1875
0.175
0.1125
0.1625
0.1125
0.175
0.125
0.1625
0.1125
0.175
0.1375
0.15
0.1375
0.15
0.1375
0.15
0.2625
0.1875
0.2
0.2125
0.6125
0.225
0.1875
0.3875
0.1875
0.225
0.3875
3
1.85
1.3875
1.7625
2.4
2.6
2.6625
2.3375
2.8875
2.625
2.8125
3.25
2.825
3.1875
2.825
2.7875
1.9625
2.075
2.5375
2.375
2.2
3.0125
2.55
2.6125
2.825
3.55
3.275
3.075
3.8375
3.45
2.9875
3.5125
2.8625
2.775
2.5875
2.2625
1.7375
1.8
1.5
1.3875
1.475
1.375
1.575
1.1875
1.5125
1.9
1.15
1.6375
1.6
0.925
1.4625
0.75
0.825
0.7375
0.7375
0.675
0.7625
0.7375
0.675
0.7625
0.6375
0.6125
0.6
0.6625
0.725
0.6
0.4125
0.325
0.275
0.125
0.1125
0.1
0.1
0.1125
0.125
0.1125
0.1125
0.1125
0.1125
0.1125
0.125
0.1125
0.1125
0.1125
0.1125
0.125
0.125
0.1375
0.1625
0.6125
0.2125
0.2125
0.4125
0.225
0.2125
0.25
0.5125
0.5375
0.7375
0.6875
0.7625
0.9125
1.0125
0.875
1.2625
1.35
1.575
1.675
2.05
1.925
1.7875
1.7625
1.775
1.75
1.6125
1.5375
1.7875
1.5125
1.7
1.875
1.8625
2.0125
1.825
1.925
1.825
2.1625
1.875
2.025
1.775
1.7625
1.8625
1.7875
1.6625
1.7
1.5625
1.4625
1.2875
1.3375
1.3375
1.3125
1.575
1.65
1.6625
1.5625
1.6
1.5625
1.65
1.6875
1.6875
1.4625
1.4625
1.45
1.45
1.175
1.1625
1.025
1.025
0.9625
0.95
0.9
0.8125
0.8125
0.7625
0.5625
0.45
0.3
0.1375
0.1375
0.1375
0.15
0.1375
0.1375
0.125
0.1375
0.1375
0.125
0.125
0.125
0.125
0.125
0.125
0.1375
0.15
0.1625
0.1875
0.575
0.175
0.175
0.5625
2.8375
0.9
0.9375
1.025
1.2125
0.775
1.375
1.525
1.65
1.65
1.7125
1.95
1.8875
2.45
2.65
2.4875
2.2875
2.3875
2.1875
2.2
2.1
1.85
2.225
3.6
4.5
3.375
2.275
2.4125
2.2375
2.325
2.425
2.275
2.1875
2.3875
2.1875
2.425
2.275
2.25
2.1625
1.6875
1.6875
1.8125
1.3
1.2875
1.3
1.3125
1.3
1.25
1.3
1.4
1.5
1.275
1.5
1.2375
1.475
1.4375
1.325
1.425
1.175
0.9625
0.9625
0.9375
1.2125
0.9375
0.8875
0.8125
0.8
0.75
0.525
0.4625
0.2875
0.15
0.125
0.1125
0.1125
0.1125
0.1
0.1125
0.1125
0.1
0.1
0.1125
0.1
0.1125
0.1
0.125
0.1125
0.125
0.1125
0.1375
0.15
0.1625
0.5625
0.15
0.175
0.15
0.1625
0.1625
0.1625
0.3625
0.2625
0.725
0.9875
1.2375
1.325
1.225
1.175
1.3875
1.4625
1.8
1.9375
1.8
1.85
1.95
1.9875
2.025
1.825
1.8375
1.9125
1.7375
1.9125
1.9625
2.075
2.4875
2.3
2.225
2.675
2.4
2.5375
4.9625
4.825
3.65
3.725
3.6125
3
2.9625
2.3125
2.85
2.8125
2.85
3.0875
2.8375
2.2
3.0125
2.05
1.9875
2.1
2.1875
2.025
1.9
2.025
1.9875
1.9625
2
1.525
1.875
1.1625
1.0375
1.0625
0.9875
0.9
0.8875
0.775
0.8375
0.6625
0.6125
0.3125
0.2
0.1125
0.1125
0.1125
0.1125
0.1125
0.1125
0.1125
0.1125
0.1125
0.1125
0.1125
0.2375
0.1125
0.1125
0.1125
0.1375
0.1375
0.15
0.1375
0.15
0.5625
0.1875
0.1875
0.1875
0.225
0.2
0.225
0.25
1
1.8875
1.325
1.425
1.4
1.475
0.9875
1.475
1.7125
1.3625
1.4625
1.8125
2.05
1.9875
2.025
1.875
1.9625
1.625
1.4125
1.975
1.775
1.85
1.8875
1.925
1.925
2.025
1.3375
1.775
1.35
1.7875
1.5625
1.55
1.4125
0.9
1.0625
0.9875
0.65
0.675
0.625
0.65
0.5
0.625
0.5625
0.7
0.75
0.7625
0.7875
0.7375
0.7
0.7625
0.925
0.7125
0.7125
0.7125
0.7
0.9125
0.7125
0.825
0.6625
0.7
0.875
0.675
0.6125
0.5625
0.475
0.4125
0.275
0.275
0.1375
0.125
0.125
0.125
0.125
0.125
0.125
0.125
0.125
0.125
0.125
0.125
0.125
0.125
0.125
0.125
0.1375
0.1375
0.125
0.125
0.55
0.15
0.1375
0.3125
0.15
0.15
0.15
0.1625
3.25
1.9375
1.7625
1.925
1.95
1.7
2.05
2.125
1.95
2.4
2.175
2.3375
2.025
2.325
2.025
2.1125
2.025
2.0375
2.075
1.9375
1.8375
1.7375
1.9875
2.0125
2.2125
2.15
2.125
2.2
2.075
2.25
2.2125
2.375
2.1
2.15
2.2
2.425
2.1375
2.25
2.0625
2.1
1.975
2.05
2.1625
2.0875
2.075
2.2375
2.1375
2.15
1.975
2.075
2.1125
1.9875
2.0625
1.8625
1.3875
0.975
0.8375
0.9375
0.6625
0.725
0.675
0.7625
0.6875
0.75
0.4875
0.4125
0.275
0.1375
0.1125
0.125
0.1125
0.125
0.1375
0.125
0.1125
0.125
0.1125
0.125
0.1125
0.1125
0.1125
0.1125
0.1125
0.1125
0.1375
0.1125
0.1125
0.1125
0.5375
0.1125
0.1125
0.1125
0.1375
0.1125
0.1125
0.1875
0.2
0.225
0.55
0.425
0.4
0.5
0.7625
0.6375
0.7
0.925
0.8625
0.8875
0.9125
0.9125
1.0125
0.9875
1.025
0.975
1.1375
0.95
1.05
1.0375
1.1875
1.325
1.2625
1.0625
1.0375
1.275
1
1.1125
1.05
1.1125
1.1
1.3
1.2375
1.1875
1.35
1.225
1
1.2375
1.0125
1.05
1
1.05
0.9875
1.1625
1.125
1.2125
1.025
1.3625
1.0375
1.2125
0.9625
1.075
0.9125
1.1125
0.9
0.9625
1.2875
0.95
0.9
0.8875
0.8
0.725
0.6125
0.45
0.3875
0.2125
0.1125
0.1125
0.1125
0.1125
0.1125
0.1125
0.1125
0.1125
0.125
0.125
0.125
0.125
0.125
0.125
0.125
0.125
0.1375
0.1375
0.125
0.1375
0.55
0.1625
0.15
0.15
0.15
0.15
0.1625
0.1875
0.2125
0.3625
0.6125
0.4875
1.325
3.725
2.5125
1.9375
1.9125
2.0375
1.9375
2.2375
2.075
1.8375
2.075
2
1.9
2.0875
1.8
2.2375
1.9625
2.075
1.5375
2.05
1.5
2.025
2.15
1.9125
2.0125
1.525
2.0125
1.6625
1.8625
1.3875
1.4125
1.8625
1.3125
1.875
1.275
1.35
1.8
1.375
1.5375
1.8875
1.1375
1.775
1.1375
1.25
1.8875
1.25
1.7375
1.2875
1.2625
1.7
1.225
0.725
0.7875
0.6625
0.7625
0.6375
0.675
0.775
0.6375
0.55
0.575
0.4625
0.375
0.1875
0.125
0.125
0.1125
0.125
0.1125
0.1125
0.1125
0.125
0.1125
0.1375
0.125
0.125
0.1125
0.125
0.125
0.15
0.1375
0.1625
0.1625
0.1375
0.5625
0.15
0.15
0.325
0.35
0.1625
0.175
0.2375
3.025
1.475
0.8875
1.475
1.3125
1
1.4375
1.0625
1.6125
1.2875
1.7625
1.7875
1.4
1.7625
1.2375
1.775
1.7875
1.125
1.825
1.1625
1.35
2.0125
1.4125
2.0625
1.55
1.975
2
1.5375
1.5625
2.1375
2.4
1.6875
1.9875
1.9
1.5875
1.5625
2.1875
2.1125
1.65
2.05
2.1375
1.55
1.9375
1.975
1.5625
1.65
2.0875
1.4875
2.1375
2.075
1.775
2.0375
2.1375
1.6375
1.2
1.175
1.2
1.0625
1.15
1.1125
1.2
1.1
1.3
1.0125
0.975
0.5125
0.3625
0.175
0.1125
0.1125
0.125
0.1125
0.1125
0.1375
0.1125
0.125
0.1125
0.1125
0.1125
0.1125
0.1125
0.1125
0.1125
0.1125
0.1125
0.125
0.15
0.1625
0.5625
0.15
0.35
0.1625
0.175
0.1625
1.95
2.1125
1.25
1.8625
2.175
2.3875
2.4625
2.625
2.4
2.5125
2.35
3.05
3.4
3.375
3.425
3.3
3.4375
3.2625
3.5625
3.2125
3.2
3.0375
3.4125
3.5125
3.9125
3.7125
3.8125
3.9
3.875
3.9125
3.575
3.6125
3.975
3.9875
3.7
3.725
3.4625
3.35
2.875
2.9
2.7
2.8625
2.7875
2.4125
2.3875
2.6125
2.475
2.45
2.425
1.875
2.475
2.375
2.55
2.3625
2.3875
2.3125
2.3625
1.2375
1.2625
1.4
1.1875
1.1
1.0875
0.9375
1.0375
0.8
0.6125
0.6125
0.4125
0.2375
0.125
0.0875
0.125
0.1125
0.1125
0.1125
0.1
0.075
0.1
0.1125
0.125
0.1125
0.125
0.125
0.125
0.0875
0.0875
0.125
0.1125
0.125
0.55
0.175
0.175
0.675
1.85
1.875
0.7
1.2875
1.4625
1.4375
2.45
2.9375
2.5625
2.8125
3.05
2.9625
3.125
3.5
3.625
3.6125
4.225
3.9625
4.225
3.9875
3.9875
3.925
3.7
4.075
3.8375
3.6625
3.975
4.025
2.8125
4.0375
4.4625
4.225
4.1625
4.2125
4.6875
4.1625
4.175
4.35
4.2625
3.8625
3.775
4.3625
3.325
3.6
3.45
3.6375
3.2125
3.15
3.3875
2.95
3
2.925
2.775
2.875
3.0375
2.9
2.9125
2.8875
1.95
1.5875
1.525
1.3875
1.3375
1.55
1.4375
1.575
1.3875
1.3
1.175
0.8625
0.525
0.45
0.1375
0.125
0.125
0.1125
0.15
0.125
0.125
0.1375
0.1375
0.1375
0.1375
0.1625
0.125
0.1375
0.15
0.125
0.1375
0.175
0.175
0.15
0.5875
0.15
0.15
0.4
0.2125
0.2375
0.2875
0.6125
2.2125
2.975
3.5125
3.6625
3.7375
3.875
4.175
4.35
3.3125
4.5625
4.8875
4.85
4.7
5.35
4.8625
4.5
4.55
4.6
4.2875
4.3625
4.4375
4.625
4.6
4.85
4.8
4.1375
4.5625
4.7125
4.6625
4.5875
5.125
4.7125
4.625
3.225
4.9
4.325
3.875
3.75
3.65
3.075
2.775
2.725
2.65
2.8375
2.0125
2.8125
2.025
2.8625
1.95
2.575
2.8625
2.6875
2.725
2.275
2.675
1.7
1.6125
1.5875
1.525
1.4
1.4125
1.3375
1.325
1.3125
1.1875
0.9125
0.575
0.35
0.1375
0.15
0.125
0.125
0.125
0.1375
0.125
0.125
0.15
0.15
0.125
0.125
0.1375
0.1
0.1
0.1125
0.1625
0.125
0.125
0.15
0.6
0.1625
0.2125
0.2125
0.25
0.2375
0.3
1.2375
2.5875
3.475
3.6375
4.15
4
4.1125
4.35
4.475
4.6
4.925
4.725
4.4875
3.6625
3.625
4.1
3.8875
4.2
3.4625
3.35
3.3875
3.425
3.525
3.4
2.875
3.1
3.1375
3.3
3.325
3.2875
3.0625
2.9375
3.025
3.1
3.2625
3.1875
2.6125
2.6125
2.0375
2.7625
2.4
1.9625
2.3875
2.425
2.3625
1.6625
2.3375
2.4125
2.525
1.725
2.1875
2.6125
2.2625
2
2.5125
2.3375
2.0125
1.2625
1.5875
1.375
1.525
1.25
1.2375
1.2875
1.225
1.0875
1.3125
1
0.7875
0.6375
0.375
0.25
0.175
0.125
0.125
0.125
0.125
0.1125
0.1375
0.125
0.125
0.1125
0.1125
0.1125
0.125
0.125
0.1125
0.1375
0.1625
0.575
0.2
0.1875
0.275
0.7375
0.825
1.9
2.35
1.875
2.2875
2.7125
1.925
3.2
2.75
2.75
3.1375
3.0125
2.9125
2.9875
2.9375
2.3625
3.0625
3.4125
2.9625
3
3.15
3.0125
2.85
2.675
2.8125
2.8125
2.7625
2.9625
2.875
2.075
2.95
2.85
2.25
2.9625
2.85
2.5875
2.8
2.6125
2.1
2
2.825
2.0125
2.05
2.5375
2.5375
1.8375
2.475
2.7
1.7875
1.875
2.725
1.8375
2.525
1.9
2.75
2.65
1.9625
1.8875
1.8
1.35
1.3625
1.325
1.3125
1.275
1.2125
1.325
1.2375
1.275
0.95
0.8125
0.525
0.225
0.15
0.1375
0.1375
0.1375
0.1375
0.1375
0.1375
0.125
0.1375
0.125
0.125
0.125
0.1375
0.1125
0.1375
0.125
0.125
0.15
0.15
0.3625
0.1625
0.1375
0.675
0.7
1.75
1.2375
1.2875
0.825
1.75
1.8
1.9375
2.0125
2.0875
2.1875
2.0625
1.7875
2.1375
2.4125
2.1625
1.7375
1.675
2.35
1.8875
1.7
2.3
1.6625
1.5125
2.25
2.1
1.7375
2.2
2.3125
2.275
2.275
2.4625
2.3375
2.35
2.3625
2.2875
1.725
2.35
2.3375
2.5625
1.7125
2.3875
2.325
2.6125
2.3125
2.575
2.4875
2.6
2.9625
3.2125
3.3875
3.9375
3.4125
3.4625
3.4375
3.4625
3.4375
3.3125
2.0875
1.7125
1.5625
1.6125
1.3125
1.3375
1.1
1.25
1.0125
0.975
0.8375
0.8625
0.4375
0.3125
0.175
0.125
0.1125
0.125
0.1125
0.1125
0.1
0.1125
0.1
0.1
0.1
0.1125
0.1125
0.1
0.1125
0.1125
0.1125
0.125
0.1125
0.1125
0.35
0.1375
0.175
0.1875
0.1625
0.175
0.225
0.2875
0.4375
2.35
2.75
2.7375
2.8875
2.5625
2.8125
3.175
2.9625
3.05
3
3.6
2.9625
3.475
3.55
3.4625
3.2875
3.275
3.3625
3.3125
3.175
3.4125
3.8
3.9875
3.925
4.1125
3.8125
3.6
4.2625
4.25
4.55
3.975
4.075
4.0125
3.7875
3.9
3.8375
3.8125
3.7125
3.625
3.725
3.675
3.9875
3.875
3.5
3.1625
3.3625
3.7625
3.5
3.2625
3.2625
3.4625
3.5875
3.375
3.1
1.9875
2.075
1.775
1.7375
1.225
1.3875
1.325
1.65
1.25
1.3
1.1
0.95
0.725
0.3625
0.15
0.1
0.1125
0.1
0.125
0.1
0.1125
0.1125
0.1125
0.075
0.1125
0.1
0.125
0.1125
0.15
0.125
0.15
0.15
0.15
0.4875
0.1875
0.2125
0.375
0.3
0.2875
0.3875
1.0125
2.5375
1.9125
3.925
3.3
3.4875
4.0125
3.95
4.0125
4.1
5.15
4.8625
4.75
4.15
4.6375
4.6875
4.9125
4.6625
4.7125
4.1875
3.3125
3.9375
4.425
4.625
4.875
3.6625
4.8375
5.125
5.0125
4.925
4.8625
4.975
4.9375
4.9
5.0875
4.825
4.4875
4.125
3.8125
4.1625
4.125
4
3.7625
3.0375
3.225
3.075
3.175
3.1375
3.075
3.1125
2.9875
2.825
2.95
2.8125
2.8125
2.3125
1.75
1.85
1.7375
1.6
1.5625
1.5375
1.475
1.475
1.4
1.35
1.3875

