//保留本行：第一行 输入间隔时间（正整数，单位s） 第二行开始输入数据
3600
3.342571429
3.087428571
2.228
1.570857143
1.258285714
1.198285714
1.144
1.172
1.371428571
1.628
1.858285714
1.997714286
2.114857143
2.144285714
1.912571429
1.744
1.600285714
1.999142857
2.371714286
2.342285714
2.716285714
3.769428571
3.885428571
4.859142857
3.999714286
2.798571429
2.028571429
1.742571429
1.686571429
1.513714286
1.542857143
1.686571429
1.628
1.714571429
1.827428571
1.887428571
2.028571429
1.684
1.572285714
1.770285714
1.600285714
1.773142857
2.342285714
2.600571429
2.741428571
3.113714286
4.087714286
3.113714286
3.743142857
2.543142857
1.799714286
1.229142857
1.37
0.859428571
1.315428571
1.226285714
1.516571429
1.943428571
0
1.199714286
0
0
0
1.371428571
1.428571429
1.771714286
2.198571429
1.799714286
0
3.399714286
0
4.969428571
3.716571429
2.257142857
1.513714286
1.198285714
1.116
1.114571429
1.114571429
1.170571429
1.541714286
1.744
1.742571429
1.199714286
1.400571429
1.256857143
1.029714286
0.684857143
1.058857143
1.286285714
1.513714286
1.685142857
1.856857143
2.114857143
3.256
4.571714286
3.457142857
1.515142857
0.912285714
0.772857143
0.771428571
0.6
0.742285714
0.886
1.315428571
1.799714286
1.371428571
1.284857143
1.428571429
1.515142857
1.114571429
0.913714286
0.884571429
1.256857143
1.887428571
1.942
1.714571429
2.228
3.429142857
4.941428571
3.058
1.771714286
1.000285714
0.858
0.742285714
0.828571429
0.742285714
0.828571429
1.114571429
1.770285714
1.371428571
1.314285714
1.515142857
1.598857143
1.287714286
1.342
1.144
1.399142857
2.141428571
1.943428571
2.085714286
2.657714286
4.086285714
5.371142857
3.944
2.285142857
1.515142857
1.113142857
1.056
1.030857143
0.998857143
1.227714286
1.485714286
1.686571429
1.770285714
1.686571429
1.742571429
1.485714286
1.172
1.113142857
1.256857143
1.601428571
2.198571429
2.172285714
2.2
2.398285714
3.716571429
5.884571429
4.372285714
2.370285714
1.485714286
1.315428571
1.255714286
1.256857143
1.173142857
1.312857143
1.744
1.884857143
0
1.199714286
1.686571429
1.711714286
1.402
1.172
1.113142857
1.315714286
2.399428571
2.514
2.514
2.656285714
3.829428571
4.970571429
3.857428571
2.486
1.513714286
1.256857143
1.086857143
1.113142857
1.085428571
1.144
1.600285714
1.742571429
1.598857143
1.402
1.428571429
1.541714286
1.458
1.284857143
1.086857143
1.541714286
2.144285714
2.084285714
2.087142857
2.741428571
3.515714286
5.343142857
4.714
2.541714286
1.515142857
1.201142857
0.998857143
1.000285714
1.056
1.057428571
1.371428571
2.000571429
2.113428571
2.286571429
2.085714286
1.485714286
1.399142857
1.515142857
1.37
1.601428571
2.056285714
1.972571429
2.342285714
2.571142857
3.542
4.829714286
3.741714286
2.458285714
1.628
1.343428571
1.084
1.173142857
1.085428571
1.085428571
1.428571429
1.399142857
1.943428571
1.999142857
1.658857143
1.515142857
1.482857143
1.372857143
1.513714286
2.000571429
2.314571429
2.628285714
2.342285714
2.857142857
3.829428571
5.028
3.399714286
1.971142857
1.286285714
1.056
0.972285714
0.800857143
0.884571429
0.973714286
1.312857143
1.686571429
1.256857143
1.371428571
1.542857143
1.570857143
1.172
1.256857143
1.255714286
1.400571429
2.229428571
2.114857143
1.97
2.198571429
3.317428571
5.028
4.256285714
2.2
1.400571429
1.170571429
1.142571429
1.114571429
0.915142857
1.113142857
1.458
1.943428571
1.542857143
1.569428571
1.801142857
1.456571429
1.256857143
1.086857143
1.201142857
1.569428571
1.943428571
2.428857143
2.285142857
2.801428571
3.798857143
5.113142857
4.429428571
2.342285714
1.572285714
1.315428571
1.284857143
1.256857143
1.371428571
1.428571429
1.827428571
2.000571429
1.314285714
1.657428571
1.827428571
1.515142857
1.487142857
1.284857143
1.284857143
1.601428571
2.056285714
1.999142857
2.285142857
2.487428571
3.656571429
5.029428571
3.941142857
2.172285714
1.372857143
1.227714286
1.085428571
1.028285714
1.029714286
1.199714286
1.542857143
1.999142857
1.628
1.887428571
1.912571429
1.43
1.284857143
1.286285714
1.400571429
1.542857143
2.027142857
2.371714286
2.601714286
3.055142857
4.001142857
4.799142857
3.713714286
2.057714286
1.227714286
1.001714286
0.941714286
0.972285714
0.913714286
1.000285714
1.399142857
1.971142857
1.600285714
1.286285714
1.542857143
1.456571429
1.113142857
1.058857143
1.314285714
1.742571429
1.971142857
2.028571429
2.085714286
2.8
4.084857143
4.945714286
3.769428571
2.314571429
1.314285714
1.086857143
1.000285714
1.028285714
1.085428571
1.085428571
1.343428571
1.799714286
1.856857143
1.887428571
1.914
1.999142857
1.400571429
1.428571429
1.569428571
2.085714286
2.458285714
2.713428571
2.685428571
3.342571429
4.257714286
4.771142857
4.256285714
2.571142857
1.858285714
1.428571429
1.342
1.172
1.172
1.229142857
1.600285714
1.856857143
1.914
2.056285714
2.087142857
1.686571429
1.626571429
1.286285714
1.570857143
2.144285714
2.571142857
2.456857143
2.428857143
3.028857143
3.656571429
4.285714286
3.658
2.198571429
1.371428571
1.142571429
1.086857143
0.970857143
1.057428571
1.199714286
1.714571429
1.971142857
1.685142857
1.572285714
1.371428571
1.284857143
1.144
1.142571429
1.085428571
1.428571429
1.943428571
2.142857143
1.999142857
2.742857143
3.801714286
4.827142857
3.857428571
1.685142857
1.144
0.913714286
0.943142857
0.913714286
0.887142857
1.026857143
1.372857143
1.656
1.256857143
1.230571429
1.513714286
1.343428571
1.398
1.116
1.227714286
1.600285714
2.028571429
2.057714286
2.342285714
2.770571429
3.829428571
5.142285714
3.599428571
1.914
1.144
1.000285714
0.970857143
0.915142857
1.026857143
1.088285714
1.569428571
1.942
1.43
1.229142857
1.255714286
1.085428571
0.915142857
0.83
0.998857143
1.170571429
2.029714286
1.855428571
1.858285714
2.343714286
3.599428571
4.828285714
3.628571429
1.886285714
1.085428571
1.057428571
0.886
0.915142857
0.884571429
0.970857143
1.685142857
1.914
1.371428571
1.400571429
1.371428571
1.086857143
1.227714286
1.199714286
1.086857143
1.456571429
1.999142857
2.087142857
1.942
2.714857143
3.628571429
4.743428571
3.914571429
2.2
1.427142857
1.114571429
1.230571429
1.255714286
1.286285714
1.314285714
1.626571429
1.802571429
1.628
1.598857143
1.43
1.113142857
0.913714286
0.887142857
1.113428571
1.400571429
1.999142857
2.000571429
2.114857143
2.571142857
3.228285714
4.571714286
3.856
2.314571429
1.485714286
1.144
1.142571429
1.056
0.972285714
1.227714286
1.458
2.144285714
2.169428571
1.742571429
1.371428571
1.43
1.37
1.201142857
1.256857143
1.685142857
2.087142857
1.713142857
1.914
2.028571429
2.600571429
3.656571429
3.000857143
1.827428571
1.057428571
0.886
0.800857143
0.684857143
0.799428571
0.887142857
1.056
1.342
1.999142857
1.831714286
1.713142857
1.458
1.570857143
1.342
1.230571429
1.626571429
1.714571429
1.856857143
1.942
2.258571429
3.115142857
3.856
3.143142857
1.685142857
1.114571429
0.828571429
0.712857143
0.771428571
0.858
0.856571429
1.256857143
1.716
1.227714286
1.513714286
1.428571429
1.372857143
1.028285714
0.972285714
1.198285714
1.142571429
1.686571429
1.770285714
2.000571429
2.085714286
2.886571429
4.4
3.372
1.884857143
1.086857143
0.855142857
0.859428571
0.827428571
0.886
0.998857143
1.286285714
1.856857143
1.542857143
1.314285714
1.572285714
1.513714286
1.371428571
1.172
1.286285714
1.542857143
1.884857143
1.972571429
2.313142857
2.515428571
3.370571429
5.057142857
4.114
2.257142857
1.456571429
1.342
1.374285714
1.255714286
1.428571429
1.513714286
1.658857143
1.97
1.629428571
1.600285714
1.742571429
2.114857143
1.943428571
1.570857143
1.542857143
1.427142857
1.914
2.029714286
2.399428571
2.943714286
3.427714286
5.171714286
4.516
2.654857143
1.657428571
1.371428571
1.342
1.287714286
1.342
1.371428571
1.856857143
2.113428571
2.000571429
1.886285714
2.257142857
1.914
1.515142857
1.342
1.485714286
1.515142857
2.085714286
2.400857143
2.512571429
3.172571429
4.200571429
5.426857143
4.599714286
3.113714286
1.972571429
1.771714286
1.541714286
1.629428571
1.686571429
1.628
1.742571429
2.142857143
2.257142857
1.801142857
1.884857143
1.999142857
1.771714286
1.828857143
1.513714286
1.400571429
1.827428571
2.029714286
2.427428571
2.886571429
4.114
5.684857143