//保留本行：第一行 输入间隔时间（正整数，单位s） 第二行开始输入数据
3600
295.15
294.15
294.15
294.15
294.15
294.15
294.15
296.15
298.15
300.15
301.15
302.15
303.15
304.15
303.15
304.15
304.15
303.15
303.15
301.15
301.15
300.15
301.15
299.15
299.15
299.15
299.15
298.15
299.15
298.15
299.15
300.15
302.15
302.15
303.15
303.15
304.15
304.15
304.15
301.15
301.15
300.15
299.15
299.15
299.15
300.15
300.15
299.15
299.15
299.15
297.15
296.15
296.15
296.15
295.15
295.15
296.15
296.15
296.15
296.15
298.15
298.15
298.15
298.15
298.15
297.15
297.15
296.15
295.15
295.15
295.15
294.15
292.15
292.15
292.15
291.15
292.15
293.15
293.15
293.15
294.15
294.15
295.15
295.15
294.15
294.15
294.15
295.15
294.15
294.15
294.15
293.15
293.15
293.15
292.15
292.15
292.15
292.15
292.15
293.15
292.15
292.15
292.15
293.15
295.15
296.15
297.15
298.15
299.15
300.15
301.15
301.15
302.15
302.15
301.15
300.15
299.15
299.15
297.15
296.15
296.15
295.15
294.15
294.15
293.15
293.15
294.15
296.15
300.15
301.15
303.15
304.15
304.15
305.15
304.15
305.15
304.15
305.15
304.15
302.15
301.15
300.15
300.15
299.15
298.15
297.15
296.15
296.15
295.15
295.15
296.15
297.15
299.15
300.15
301.15
302.15
301.15
300.15
300.15
299.15
296.15
295.15
295.15
294.15
294.15
295.15
295.15
294.15
294.15
294.15
294.15
294.15
294.15
294.15
294.15
294.15
294.15
295.15
295.15
295.15
295.15
296.15
296.15
296.15
296.15
296.15
295.15
295.15
294.15
294.15
294.15
294.15
294.15
294.15
295.15
295.15
294.15
294.15
294.15
294.15
294.15
294.15
294.15
295.15
295.15
295.15
295.15
296.15
295.15
295.15
295.15
294.15
294.15
295.15
295.15
295.15
294.15
294.15
294.15
294.15
294.15
294.15
295.15
295.15
294.15
294.15
295.15
295.15
296.15
299.15
299.15
298.15
299.15
299.15
298.15
298.15
297.15
297.15
297.15
296.15
296.15
296.15
296.15
296.15
296.15
296.15
296.15
297.15
298.15
299.15
300.15
300.15
301.15
302.15
302.15
302.15
303.15
302.15
301.15
300.15
299.15
299.15
298.15
297.15
297.15
297.15
296.15
296.15
296.15
296.15
296.15
297.15
299.15
301.15
302.15
303.15
305.15
305.15
306.15
306.15
305.15
305.15
304.15
302.15
301.15
301.15
301.15
300.15
299.15
298.15
297.15
297.15
297.15
297.15
297.15
299.15
300.15
302.15
303.15
303.15
302.15
301.15
301.15
300.15
299.15
299.15
299.15
298.15
298.15
298.15
297.15
297.15
296.15
297.15
296.15
296.15
296.15
296.15
296.15
296.15
297.15
297.15
297.15
298.15
297.15
299.15
298.15
298.15
298.15
297.15
298.15
297.15
297.15
297.15
297.15
296.15
297.15
296.15
296.15
296.15
296.15
296.15
296.15
296.15
297.15
297.15
298.15
301.15
302.15
302.15
302.15
302.15
301.15
300.15
299.15
299.15
298.15
298.15
297.15
297.15
297.15
297.15
297.15
297.15
297.15
297.15
297.15
298.15
299.15
299.15
298.15
298.15
298.15
299.15
299.15
298.15
298.15
297.15
296.15
296.15
296.15
296.15
296.15
296.15
296.15
296.15
296.15
296.15
296.15
296.15
296.15
297.15
297.15
298.15
298.15
300.15
301.15
302.15
303.15
302.15
302.15
301.15
300.15
298.15
297.15
296.15
296.15
295.15
295.15
295.15
295.15
294.15
294.15
294.15
294.15
294.15
294.15
294.15
295.15
296.15
295.15
296.15
296.15
296.15
296.15
296.15
295.15
295.15
295.15
295.15
295.15
295.15
295.15
295.15
295.15
295.15
294.15
294.15
295.15
296.15
297.15
297.15
298.15
299.15
300.15
300.15
301.15
301.15
300.15
300.15
298.15
298.15
297.15
297.15
296.15
296.15
296.15
296.15
295.15
295.15
295.15
294.15
295.15
296.15
297.15
299.15
301.15
301.15
303.15
303.15
302.15
302.15
302.15
301.15
300.15
298.15
298.15
297.15
297.15
297.15
297.15
297.15
297.15
297.15
296.15
296.15
296.15
297.15
297.15
298.15
298.15
299.15
300.15
301.15
300.15
297.15
295.15
294.15
294.15
294.15
294.15
294.15
294.15
295.15
294.15
294.15
294.15
294.15
294.15
294.15
294.15
295.15
295.15
295.15
296.15
298.15
299.15
299.15
299.15
300.15
300.15
300.15
300.15
299.15
298.15
298.15
298.15
298.15
297.15
297.15
297.15
297.15
297.15
297.15
297.15
298.15
299.15
301.15
302.15
303.15
303.15
304.15
304.15
304.15
303.15
301.15
301.15
300.15
299.15
299.15
299.15
299.15
299.15
298.15
299.15
299.15
298.15
298.15
299.15
299.15
299.15
300.15
303.15
304.15
305.15
306.15
306.15
307.15
307.15
306.15
305.15
305.15
304.15
304.15
302.15
301.15
301.15
301.15
301.15
300.15
300.15
300.15
300.15
302.15
304.15
306.15
307.15
307.15
306.15
306.15
308.15
307.15
307.15
307.15
305.15
305.15
304.15
303.15
303.15
302.15
302.15
302.15
302.15
302.15
301.15
302.15
302.15
302.15
303.15
301.15
301.15
303.15
303.15
303.15
300.15
299.15
300.15
299.15
299.15
299.15
299.15
299.15
299.15
299.15
299.15
299.15
299.15
299.15
299.15
299.15
299.15
300.15
301.15
301.15
301.15
301.15
301.15
300.15
299.15
299.15
299.15
298.15
298.15
298.15
298.15
298.15
298.15
298.15
298.15
297.15
297.15
297.15
296.15
296.15
296.15
295.15
296.15
296.15
296.15
297.15
297.15
297.15
298.15
298.15
298.15
297.15
297.15
297.15
297.15
297.15
297.15
297.15
297.15
297.15
297.15
297.15
297.15
297.15
297.15
298.15
299.15
300.15
301.15
302.15
303.15
303.15
303.15
305.15
304.15
304.15
302.15
302.15
301.15
301.15
300.15
300.15
299.15
300.15
299.15
300.15
300.15
300.15
301.15
302.15
304.15
306.15
306.15
307.15
308.15
307.15
307.15
309.15
308.15
304.15
301.15
301.15
299.15
298.15
298.15
297.15