//保留本行：第一行 输入间隔时间（正整数，单位s） 第二行开始输入数据
3600
277.15
276.15
276.15
275.15
275.15
275.15
274.15
273.15
275.15
276.15
277.15
277.15
278.15
279.15
279.15
278.15
279.15
277.15
276.15
276.15
275.15
275.15
273.15
273.15
274.15
273.15
272.15
271.15
272.15
271.15
270.15
270.15
272.15
274.15
277.15
280.15
281.15
282.15
283.15
283.15
282.15
280.15
278.15
278.15
276.15
275.15
275.15
273.15
275.15
276.15
275.15
276.15
276.15
277.15
276.15
276.15
277.15
278.15
281.15
283.15
284.15
286.15
287.15
288.15
288.15
286.15
282.15
282.15
281.15
280.15
278.15
277.15
277.15
277.15
279.15
278.15
277.15
277.15
277.15
276.15
277.15
281.15
285.15
288.15
290.15
291.15
292.15
292.15
291.15
289.15
287.15
285.15
282.15
281.15
281.15
282.15
279.15
278.15
279.15
278.15
278.15
277.15
277.15
277.15
280.15
284.15
286.15
288.15
288.15
288.15
288.15
288.15
288.15
287.15
286.15
287.15
287.15
286.15
285.15
287.15
287.15
287.15
286.15
285.15
285.15
284.15
283.15
282.15
282.15
281.15
281.15
281.15
280.15
280.15
280.15
279.15
278.15
278.15
278.15
277.15
277.15
276.15
276.15
276.15
276.15
277.15
277.15
276.15
276.15
276.15
277.15
276.15
277.15
277.15
277.15
278.15
279.15
279.15
279.15
280.15
280.15
279.15
278.15
277.15
276.15
275.15
275.15
275.15
274.15
274.15
274.15
274.15
273.15
273.15
273.15
273.15
273.15
275.15
277.15
279.15
280.15
281.15
282.15
282.15
281.15
280.15
279.15
277.15
275.15
274.15
274.15
275.15
274.15
274.15
274.15
274.15
274.15
274.15
273.15
273.15
274.15
276.15
278.15
281.15
283.15
284.15
284.15
284.15
284.15
283.15
282.15
279.15
279.15
280.15
280.15
280.15
280.15
280.15
279.15
279.15
279.15
279.15
279.15
279.15
279.15
280.15
281.15
282.15
283.15
285.15
286.15
286.15
286.15
284.15
281.15
280.15
280.15
280.15
278.15
278.15
277.15
276.15
276.15
276.15
276.15
275.15
275.15
275.15
275.15
279.15
282.15
285.15
287.15
288.15
288.15
288.15
288.15
285.15
283.15
281.15
280.15
279.15
279.15
281.15
281.15
281.15
280.15
279.15
279.15
279.15
279.15
279.15
279.15
279.15
280.15
281.15
281.15
281.15
281.15
281.15
281.15
281.15
280.15
280.15
280.15
280.15
280.15
280.15
279.15
279.15
279.15
279.15
279.15
279.15
279.15
279.15
280.15
279.15
279.15
280.15
280.15
280.15
280.15
281.15
280.15
280.15
281.15
281.15
281.15
280.15
280.15
280.15
280.15
280.15
280.15
280.15
280.15
280.15
280.15
280.15
280.15
281.15
281.15
281.15
281.15
281.15
282.15
282.15
282.15
281.15
281.15
281.15
281.15
281.15
281.15
281.15
280.15
280.15
280.15
280.15
280.15
280.15
280.15
280.15
280.15
281.15
281.15
281.15
281.15
282.15
282.15
282.15
281.15
281.15
280.15
280.15
280.15
280.15
280.15
280.15
280.15
280.15
280.15
280.15
280.15
279.15
279.15
278.15
279.15
280.15
281.15
282.15
283.15
283.15
283.15
283.15
283.15
282.15
281.15
281.15
280.15
280.15
280.15
280.15
280.15
279.15
278.15
277.15
276.15
277.15
276.15
277.15
278.15
278.15
278.15
279.15
279.15
280.15
280.15
280.15
280.15
279.15
278.15
278.15
278.15
277.15
277.15
277.15
277.15
276.15
276.15
276.15
276.15
275.15
274.15
274.15
275.15
277.15
278.15
281.15
282.15
284.15
285.15
285.15
285.15
284.15
282.15
280.15
279.15
278.15
281.15
280.15
277.15
276.15
276.15
275.15
275.15
274.15
275.15
275.15
276.15
279.15
282.15
284.15
285.15
286.15
286.15
286.15
286.15
283.15
284.15
282.15
282.15
282.15
281.15
280.15
280.15
279.15
278.15
277.15
278.15
277.15
278.15
278.15
279.15
279.15
281.15
284.15
284.15
285.15
286.15
286.15
285.15
284.15
283.15
281.15
282.15
281.15
281.15
281.15
281.15
281.15
280.15
280.15
280.15
279.15
279.15
278.15
280.15
282.15
284.15
286.15
287.15
289.15
290.15
290.15
289.15
288.15
286.15
285.15
285.15
284.15
282.15
281.15
280.15
280.15
279.15
278.15
278.15
278.15
277.15
276.15
278.15
279.15
280.15
281.15
281.15
282.15
282.15
283.15
282.15
281.15
279.15
279.15
277.15
278.15
276.15
276.15
275.15
276.15
275.15
274.15
275.15
274.15
274.15
274.15
274.15
277.15
279.15
281.15
282.15
284.15
285.15
285.15
284.15
283.15
282.15
281.15
280.15
280.15
279.15
278.15
279.15
277.15
278.15
277.15
277.15
276.15
276.15
277.15
277.15
280.15
283.15
286.15
288.15
290.15
291.15
291.15
290.15
288.15
286.15
285.15
284.15
284.15
282.15
282.15
281.15
282.15
286.15
286.15
284.15
284.15
284.15
284.15
285.15
287.15
287.15
289.15
288.15
287.15
287.15
287.15
286.15
286.15
285.15
284.15
283.15
283.15
283.15
282.15
282.15
282.15
282.15
282.15
282.15
282.15
282.15
282.15
281.15
282.15
282.15
283.15
283.15
284.15
284.15
284.15
284.15
284.15
283.15
283.15
283.15
283.15
283.15
282.15
281.15
281.15
281.15
280.15
279.15
279.15
280.15
280.15
280.15
280.15
280.15
280.15
280.15
279.15
279.15
279.15
279.15
279.15
278.15
278.15
277.15
277.15
276.15
276.15
275.15
275.15
274.15
275.15
274.15
274.15
275.15
275.15
275.15
276.15
276.15
276.15
276.15
276.15
276.15
275.15
276.15
276.15
276.15
276.15
276.15
276.15
276.15
276.15
276.15
276.15
276.15
277.15
276.15
276.15
276.15
276.15
277.15
276.15
276.15
276.15
276.15
276.15
276.15
276.15
276.15
276.15
275.15
275.15
274.15
274.15
275.15
275.15
275.15
275.15
275.15
275.15
275.15
275.15
275.15
275.15
275.15
275.15
275.15
276.15
276.15
276.15
276.15
276.15
276.15
276.15
276.15
276.15
276.15
276.15
276.15
276.15